117.45
58.56
47.06
154.64
87.42
151.21
105.73
169.43
151.51
126.54
80.51
70.36
140.99
112.24
64.47
127.07
46.16
31.56
67.06
21.47
53.2
161.31
108.46
141.02
109.39
138.32
47.78
159.95
90.09
63.04
28.6
33.36
96.01
86.08
89.67
56.0
134.32
118.67
99.63
140.03
109.35
152.35
81.17
54.21
157.76
140.6
174.1
116.42
108.66
69.57
144.79
91.94
95.95
136.46
10.89
33.44
137.0
82.46
138.32
66.38
62.02
66.19
42.57
145.35
87.41
23.39
84.82
6.24
54.66
106.16
104.79
61.31
34.6
153.39
115.87
23.08
119.37
95.89
79.06
83.99
33.59
91.09
92.29
68.22
84.71
20.47
33.94
146.87
49.4
164.51
112.63
40.19
117.04
28.99
114.84
69.41
79.09
73.59
46.02
17.24
157.57
90.14
61.52
116.75
46.3
172.93
26.63
134.65
34.83
123.47
104.27
157.89
3.85
18.8
32.31
3.85
43.64
93.9
27.41
48.24
97.29
158.43
71.61
143.56
85.86
65.21
148.08
69.54
137.76
97.84
86.89
121.55
10.3
135.26
49.95
117.58
5.17
19.7
112.45
145.65
12.22
83.0
27.89
170.08
93.75
26.95
176.11
12.57
160.42
148.62
130.97
166.79
151.7
60.7
171.69
24.08
145.58
19.79
42.99
65.03
171.65
87.95
75.98
27.29
26.33
41.82
131.34
83.35
110.27
23.36
112.76
52.54
166.91
142.8
37.34
24.87
56.87
42.5
31.99
154.02
131.36
149.82
92.04
33.76
45.26
117.55
174.65
112.88
176.12
124.65
170.81
106.38
36.03
136.16
93.69
29.31
103.27
103.06
79.1
54.16
70.17
52.85
77.7
135.55
39.16
54.02
130.35
98.11
19.26
36.47
98.85
164.41
48.25
167.45
98.06
131.84
23.98
59.5
176.52
76.85
170.01
3.89
79.23
53.46
11.18
163.88
17.79
81.88
92.37
160.44
10.29
102.74
154.93
30.16
123.49
9.75
152.16
165.68
81.18
132.97
39.67
54.39
17.18
67.24
66.51
150.89
112.24
33.31
11.95
57.32
8.85
126.32
26.34
26.08
118.11
57.85
86.36
167.79
145.01
29.77
66.32
56.47
39.99
2.8
49.7
69.02
99.61
164.5
83.32
81.28
60.22
26.93
56.18
104.35
26.67
114.04
103.62
147.32
61.97
144.69
157.32
31.99
151.2
122.91
36.41
163.3
32.67
176.67
178.43
101.39
27.02
10.5
174.35
12.75
14.41
127.29
55.93
153.85
19.67
91.56
100.59
155.19
126.1
19.64
167.18
44.5
90.16
86.55
54.96
178.06
128.55
160.45
121.98
31.82
114.12
149.26
82.28
162.37
174.25
73.62
53.49
62.47
15.35
112.03
144.01
107.55
146.23
65.69
108.6
141.73
155.33
163.49
113.57
172.07
95.37
55.11
15.91
156.01
34.6
44.94
100.45
133.7
15.05
84.25
128.25
133.31
159.25
178.13
127.59
138.7
28.86
16.23
120.07
125.3
140.89
31.96
108.91
141.87
78.88
163.06
120.02
172.63
146.66
135.29
109.34
6.21
14.19
95.36
85.59
149.96
159.84
59.47
120.2
16.85
61.45
120.23
158.37
135.02
18.8
126.32
131.46
74.43
56.07
83.86
142.57
71.91
100.49
126.06
43.08
37.22
62.52
48.63
84.85
99.73
43.43
150.12
48.62
43.11
64.03
147.57
117.01
131.53
99.15
34.67
81.25
131.37
110.17
47.89
37.67
139.2
136.44
37.09
153.32
47.86
170.49
70.41
25.24
124.19
10.34
128.11
161.41
171.25
9.82
106.67
160.41
48.71
103.89
82.77
30.04
13.09
158.59
138.93
63.23
47.65
31.46
90.14
65.16
124.22
52.27
101.9
27.1
141.09
31.28
83.22
29.89
47.53
44.49
136.86
107.38
104.75
100.0
108.78
106.74
96.12
65.34
107.77
46.81
123.92
177.43
141.89
53.58
92.58
118.12
131.9
84.71
68.18
104.95
44.06
51.64
56.05
146.52
31.65
69.28
78.6
167.51
94.73
158.21
46.67
10.38
58.03
82.07
127.19
126.41
159.07
121.26
142.27
164.71
64.81
97.68
103.21
22.4
169.8
148.87
116.84
138.45
72.72
118.51
64.78
80.47
113.38
95.98
172.32
77.07
127.93
138.5
20.19
71.33
23.37
56.3
160.81
101.64
86.96
16.33
158.95
24.28
150.89
24.06
29.45
8.79
161.97
20.43
44.79
129.21
27.83
8.14
97.76
100.14
47.03
25.84
172.63
160.44
172.24
71.33
102.79
168.71
154.23
99.3
155.02
155.7
145.23
41.6
13.64
147.54
167.75
132.93
156.95
102.89
73.74
39.76
92.77
68.99
118.57
123.92
144.63
15.35
5.08
8.14
97.91
141.79
148.83
77.9
109.45
10.02
104.63
171.21
21.61
26.56
129.27
167.94
25.69
173.17
137.82
26.04
41.85
96.43
110.53
117.59
146.79
21.4
135.02
126.37
168.88
20.64
126.37
8.29
154.01
115.52
166.59
170.66
72.47
120.6
52.73
86.3
149.2
144.71
126.36
138.76
133.69
123.53
97.66
127.04
122.73
27.58
77.46
45.36
117.95
163.67
114.34
93.42
153.93
169.43
158.93
7.99
114.29
158.4
22.92
28.8
171.95
115.3
122.77
94.85
96.57
39.03
74.58
169.43
41.53
115.36
101.27
155.23
65.35
155.69
10.18
145.09
45.55
37.74
72.98
68.85
9.18
104.24
69.31
28.93
122.74
146.37
123.14
21.53
177.47
53.69
132.59
55.26
61.83
42.58
86.29
31.42
67.62
134.06
96.81
37.34
122.05
3.19
108.62
112.3
170.49
14.24
153.44
14.6
93.99
63.78
52.76
171.83
169.98
72.31
59.58
73.39
90.01
163.76
92.89
107.08
12.51
34.69
145.45
24.01
71.93
35.41
97.41
78.29
49.63
46.38
52.75
26.86
8.99
24.21
131.32
77.65
162.78
150.97
84.86
170.45
48.92
30.11
115.71
129.94
93.76
78.44
5.85
87.85
85.79
158.62
36.05
140.95
71.68
65.11
97.69
28.66
62.66
127.53
53.73
75.1
159.0
65.82
157.9
77.87
27.46
151.56
164.33
16.83
74.91
7.92
110.06
104.02
136.66
30.25
158.46
22.86
66.19
134.41
118.59
163.47
35.97
86.16
117.88
174.46
22.01
63.65
169.61
119.54
150.22
28.2
51.3
119.54
170.71
140.39
14.13
98.25
88.9
17.33
94.36
167.68
50.72
152.75
167.3
33.68
52.42
167.4
140.6
163.82
163.34
157.77
119.9
53.73
106.73
135.11
99.57
16.11
19.19
57.96
27.02
172.29
63.53
140.51
18.66
156.29
32.02
99.44
171.38
34.07
148.51
133.29
20.81
113.62
166.75
53.11
156.2
167.08
138.75
14.17
146.31
156.83
26.08
88.63
86.51
14.76
107.67
111.48
112.77
67.97
82.3
101.36
61.09
74.35
133.49
151.3
101.3
125.69
13.27
130.82
102.3
96.84
72.27
75.88
42.99
131.87
122.36
61.53
29.51
123.09
153.26
80.88
158.57
169.83
71.75
63.25
61.16
160.23
9.67
17.16
77.86
62.05
149.91
114.4
133.31
41.07
9.84
159.42
138.91
169.31
169.21
60.67
106.01
82.09
119.61
151.75
150.07
64.47
33.82
98.52
82.37
88.71
167.68
55.78
142.42
34.85
137.32
51.17
86.05
10.16
176.83
112.85
117.63
82.06
97.26
177.75
38.07
66.97
112.21
154.95
133.42
94.02
154.67
156.59
163.09
54.98
20.59
134.8
90.1
134.27
141.39
15.78
32.32
57.86
149.57
44.22
152.17
127.42
27.25
110.91
34.14
61.67
11.85
141.57
18.46
75.38
84.2
62.21
30.54
86.65
40.42
174.71
24.64
35.1
65.66
5.66
41.86
113.17
28.6
154.54
27.42
165.96
54.43
118.3
10.09
77.47
54.11
57.08
161.87
23.02
47.22
51.92
112.24
81.98
28.81
12.07
82.74
50.27
169.36
41.35
63.79
97.93
9.93
69.0
6.79
111.06
163.56
117.95
33.75
114.73
89.24
17.93
139.65
51.26
126.97
172.5
144.03
10.9
73.84
94.95
38.8
82.7
158.78
102.44
105.34
33.3
60.39
39.86
25.95
122.78
116.84
107.69
165.65
19.32
31.02
77.6
8.18
61.03
84.83
81.35
160.43
147.84
138.32
77.49
124.19
158.45
18.09
74.98
138.71
70.88
90.54
74.48
73.05
167.19
151.56
27.09
50.83
112.02
22.89
50.61
140.13
101.09
155.51
53.83
27.97
