5.75
167.48
65.48
156.48
12.24
152.18
109.13
56.25
33.06
135.06
54.7
101.73
16.52
5.42
24.65
136.82
93.81
147.24
94.22
149.11
128.44
64.09
125.33
15.0
30.28
12.38
18.63
108.23
131.82
96.95
102.08
88.69
75.35
53.71
100.12
165.96
149.5
130.42
86.66
30.17
118.27
26.56
154.79
169.27
15.24
10.97
103.36
113.64
54.81
132.06
20.09
11.2
160.0
96.55
138.59
95.41
58.21
34.16
131.63
78.81
68.11
70.27
121.42
134.04
57.6
48.85
51.54
35.53
148.49
57.63
32.14
99.42
171.42
107.94
53.39
44.74
10.24
13.52
2.82
135.92
98.6
113.72
46.11
55.23
145.45
17.06
81.01
66.46
72.94
101.49
27.78
107.49
17.53
103.86
130.64
54.0
155.76
123.49
32.62
124.07
122.47
101.47
30.75
32.31
158.65
62.41
123.85
175.28
10.8
140.94
55.32
95.49
79.79
92.93
83.42
125.89
67.84
43.48
118.99
105.28
72.02
167.38
52.25
64.6
49.46
34.49
27.87
156.06
85.5
99.4
115.43
41.0
18.95
62.22
12.33
9.34
143.03
126.67
135.58
130.51
83.68
28.74
106.81
41.48
100.0
133.29
123.89
132.18
152.26
116.5
108.41
157.59
153.69
93.27
29.34
94.23
107.12
96.06
37.87
90.66
18.1
110.67
59.55
48.36
145.59
83.74
6.3
79.71
90.46
71.91
16.08
8.49
27.7
40.54
94.41
30.79
127.14
155.08
27.67
5.53
96.25
142.55
40.23
13.63
118.09
140.63
160.35
25.41
160.02
49.79
81.75
40.42
8.82
68.79
6.05
26.66
14.59
135.62
51.66
68.81
30.5
87.94
156.94
64.03
140.67
70.12
41.17
147.62
109.81
144.91
104.94
149.42
68.25
18.23
128.95
105.79
42.09
44.05
101.85
52.86
150.0
106.69
13.02
29.15
40.72
95.13
173.47
151.7
92.21
39.8
92.75
34.61
159.72
17.9
150.64
149.88
46.54
117.25
5.43
98.32
23.91
85.15
167.06
109.97
169.4
128.64
169.37
131.19
56.16
39.94
142.07
118.07
38.05
106.11
47.21
44.03
50.86
116.87
23.99
155.45
44.25
151.19
56.36
32.09
144.73
131.63
31.42
135.19
30.41
159.76
51.99
165.11
83.17
151.16
128.74
104.17
154.92
160.21
12.27
53.41
167.49
9.5
91.49
133.1
88.96
176.86
162.38
6.5
120.24
75.97
145.69
142.77
84.54
100.87
10.5
60.78
80.82
24.03
122.66
62.34
133.92
130.93
26.02
47.36
124.81
24.82
155.2
53.48
66.42
12.26
89.38
136.86
38.57
16.25
26.53
42.73
99.57
11.42
107.35
82.52
61.8
109.46
49.61
5.77
9.03
72.51
154.39
133.23
136.18
40.45
98.44
14.72
146.54
124.34
21.29
29.97
65.96
51.91
61.53
69.28
69.28
14.43
90.63
140.16
87.53
88.64
160.57
33.88
38.24
169.18
137.86
77.09
78.45
27.29
58.39
103.63
133.61
150.72
114.81
132.25
119.74
39.57
47.78
42.49
102.83
54.01
86.46
3.94
164.56
23.88
166.54
123.96
66.58
18.47
112.09
55.92
16.81
135.49
44.59
76.94
81.67
7.87
156.24
146.42
60.86
4.76
170.64
168.76
138.25
141.48
34.42
155.55
43.14
59.74
48.3
62.29
44.87
59.88
105.23
114.35
84.74
43.11
166.56
163.83
21.13
28.74
55.79
69.47
94.38
32.11
69.51
130.57
147.44
169.58
107.73
0.69
140.79
30.46
6.92
15.52
157.58
137.91
80.9
27.56
57.99
53.3
144.37
117.91
67.33
129.98
95.31
5.17
133.72
101.26
40.74
44.97
8.56
22.99
128.04
73.37
125.0
69.63
93.92
62.56
80.34
41.81
90.87
84.04
109.05
146.14
45.76
153.57
60.86
25.1
137.65
165.03
35.53
37.21
26.05
24.87
66.22
47.78
100.2
43.0
154.85
116.11
121.29
75.46
66.25
25.84
154.33
56.45
40.94
125.62
10.46
40.21
165.78
22.52
13.36
108.66
91.05
130.32
138.49
114.3
39.55
87.24
36.27
134.44
19.52
100.42
6.13
158.29
132.07
92.65
137.79
30.21
25.44
130.68
4.16
147.22
68.26
77.31
52.32
7.98
38.08
64.04
66.62
138.96
95.57
43.3
78.4
111.67
81.55
63.59
36.15
108.95
9.66
162.28
146.11
99.32
38.3
32.62
111.16
40.09
30.56
84.22
135.96
170.58
165.31
80.71
119.41
108.74
89.04
61.52
46.89
4.34
124.89
34.7
90.24
43.25
125.59
25.29
134.15
14.46
174.13
138.02
41.39
43.17
51.08
9.78
119.94
12.18
137.76
95.99
109.22
156.8
55.82
86.87
151.66
67.35
52.59
92.06
63.39
157.54
81.1
174.01
146.57
123.93
21.31
24.69
37.75
165.76
40.89
112.09
110.92
147.65
44.47
57.07
45.9
14.12
80.67
85.57
89.46
10.45
123.16
54.05
70.44
57.25
70.38
65.01
92.78
136.76
93.25
51.17
121.63
64.71
58.66
33.8
142.09
101.91
61.01
39.21
48.56
46.82
93.57
21.56
51.09
58.81
61.42
95.95
125.61
94.26
40.55
153.81
93.47
31.85
38.49
55.37
125.4
132.82
7.06
35.65
13.42
43.75
110.2
121.62
26.12
114.98
73.91
24.11
160.98
138.35
111.89
26.01
6.71
121.0
69.17
163.74
124.65
80.19
149.38
125.67
37.11
26.05
173.11
118.24
68.25
109.39
16.99
117.82
158.92
167.06
116.48
150.67
118.86
125.39
72.38
31.37
30.3
41.84
22.86
121.06
88.25
86.01
83.4
155.2
118.18
149.33
65.08
161.57
28.62
147.88
155.81
103.4
152.99
85.72
76.79
10.47
157.43
13.02
106.15
159.28
18.23
4.72
87.24
122.38
136.79
49.13
159.08
146.78
83.21
102.33
47.44
143.45
10.22
164.54
119.07
135.79
138.91
17.26
114.59
77.54
87.25
63.15
14.33
66.94
116.48
28.53
113.98
151.51
174.53
62.02
21.2
63.96
36.98
33.23
61.07
144.66
28.33
28.05
171.02
157.79
172.48
146.51
131.98
37.69
69.62
170.17
4.22
74.65
154.13
103.75
135.89
38.19
99.05
154.33
84.38
57.05
146.51
53.07
154.69
120.39
62.42
42.86
175.24
26.48
80.94
65.37
143.15
88.56
125.24
125.87
71.69
3.52
35.34
62.05
127.24
146.59
153.37
44.18
131.11
37.53
108.53
104.52
36.89
11.18
110.34
27.64
32.39
82.88
126.19
143.54
81.27
55.31
115.82
104.31
96.31
116.31
40.05
107.45
21.27
165.29
41.61
141.45
10.39
26.57
55.85
70.24
74.24
112.56
56.19
61.63
61.48
21.71
14.1
112.87
48.82
27.97
69.2
136.75
37.88
134.49
158.79
26.2
72.89
122.01
55.41
148.2
48.36
45.61
55.17
121.13
85.43
116.59
32.44
73.81
7.35
55.9
138.25
92.16
77.21
166.48
40.96
43.98
82.19
168.22
159.94
91.52
53.34
79.79
63.73
17.87
96.7
81.14
125.56
158.0
168.4
21.99
110.9
35.64
79.95
112.12
44.38
67.9
121.85
144.52
64.24
143.79
73.82
133.01
12.54
130.93
79.22
166.43
105.68
130.95
83.74
29.24
134.59
127.79
157.87
96.13
26.3
98.21
165.55
136.94
4.21
56.14
45.61
8.72
58.66
24.02
126.99
100.49
90.56
55.8
175.1
34.95
86.77
88.91
111.67
117.88
46.19
23.74
66.96
124.75
149.29
158.62
61.27
19.77
136.16
67.22
31.2
7.5
177.91
119.9
167.1
53.95
116.53
155.15
22.45
43.77
8.54
25.2
13.94
171.76
120.29
171.63
163.51
57.84
48.54
42.09
47.81
71.12
140.69
10.22
48.07
115.66
142.35
60.87
85.32
139.95
21.26
141.41
148.37
117.63
84.8
36.76
106.87
142.41
36.92
63.57
20.62
93.92
107.68
64.3
158.75
149.73
79.52
124.26
107.35
159.18
33.49
1.99
28.32
8.06
125.57
152.98
82.16
120.63
108.1
158.6
173.25
120.04
73.37
149.12
41.22
21.4
103.03
58.31
19.12
117.75
31.8
165.26
77.96
62.3
115.34
95.72
98.69
42.32
78.55
160.48
69.29
75.72
39.89
39.1
59.68
70.41
107.75
19.04
138.07
118.44
40.99
88.16
131.87
109.64
68.16
8.99
62.58
151.98
52.35
95.23
81.72
24.29
105.82
166.45
50.15
91.87
168.67
34.01
