89.27
139.48
74.11
123.42
10.27
84.39
59.97
83.22
124.77
37.4
63.28
69.11
81.85
26.7
150.39
26.99
83.08
63.42
30.99
171.35
143.02
59.38
38.24
23.99
144.59
92.45
7.61
141.6
10.51
148.66
122.39
132.88
2.26
53.58
13.86
19.91
50.65
153.15
73.68
128.81
142.17
115.89
26.29
166.62
156.22
167.65
67.35
26.56
126.96
113.93
123.13
140.39
63.19
75.71
173.87
47.67
142.44
143.01
21.67
68.42
52.44
52.35
110.47
79.72
160.43
31.95
4.09
66.92
47.54
124.62
21.04
37.78
131.01
152.86
44.68
30.85
20.74
83.11
75.75
26.72
103.34
9.79
126.95
146.73
10.8
10.35
86.2
167.08
87.02
152.97
169.44
115.44
81.31
55.81
45.01
67.24
48.17
67.66
142.89
168.1
132.92
146.16
57.5
64.71
151.21
55.88
127.54
34.78
86.14
28.72
169.68
140.59
74.74
141.64
74.43
25.18
46.8
13.3
56.12
50.97
51.48
55.7
38.25
125.8
82.81
164.54
148.25
164.51
164.14
6.38
155.96
32.35
31.43
20.1
113.19
101.56
141.46
16.02
75.16
70.06
98.23
81.95
162.99
43.0
160.81
145.32
148.48
60.42
83.84
167.6
8.56
13.0
129.06
156.41
132.53
72.07
103.14
131.53
72.13
169.04
158.93
69.21
143.14
21.36
155.99
89.13
29.98
39.73
97.93
153.63
91.68
151.98
140.35
148.54
70.23
137.89
65.88
7.25
64.26
25.99
135.89
131.03
122.88
135.47
159.68
70.75
41.67
132.32
27.27
10.88
167.54
82.37
172.98
101.79
56.62
101.58
72.24
33.95
31.63
91.08
153.31
98.21
141.96
117.42
23.72
81.85
40.72
47.91
73.79
165.06
37.7
58.96
14.7
50.05
114.71
154.92
13.61
56.46
66.88
13.89
171.39
36.94
45.41
157.32
42.05
169.78
141.14
59.23
108.34
30.6
12.55
165.92
46.06
39.16
32.63
30.52
32.27
29.99
124.61
18.95
108.16
147.84
12.35
21.54
28.45
116.33
24.69
140.93
16.89
47.36
38.7
153.72
107.52
52.3
89.65
30.39
90.8
89.21
145.65
118.57
156.84
93.95
7.7
48.11
14.24
131.72
55.82
90.51
62.08
60.36
35.61
136.93
148.01
50.99
46.6
61.69
123.83
25.39
3.25
66.01
48.18
78.86
130.67
79.97
159.01
135.43
32.28
66.03
95.12
73.46
43.86
11.85
164.14
9.11
63.46
94.84
40.16
168.08
18.74
167.88
153.57
102.75
25.64
171.01
120.56
121.67
20.53
7.32
27.25
29.76
39.74
49.42
44.7
131.88
16.54
67.65
27.69
110.68
131.03
10.37
45.46
151.45
173.69
156.05
64.41
71.03
91.74
64.86
156.93
74.1
10.71
167.55
9.21
173.04
43.79
106.76
137.61
137.23
150.81
6.98
124.37
80.46
124.01
158.02
109.54
71.86
92.26
87.47
78.41
40.63
113.56
43.33
23.29
84.73
68.66
142.07
96.12
102.79
32.78
130.32
133.14
76.12
24.63
104.73
101.93
152.85
113.76
14.11
79.4
30.58
53.8
117.41
7.76
47.41
96.37
143.39
139.39
92.71
158.0
5.09
125.3
52.04
134.44
130.73
2.81
89.82
64.58
158.92
163.38
10.82
46.19
55.0
100.94
121.07
120.1
70.17
9.81
164.08
141.63
135.22
87.27
79.36
53.81
33.21
85.12
146.57
174.14
33.14
100.39
57.8
93.87
22.34
104.25
104.2
123.85
133.89
45.74
146.46
56.08
94.99
9.09
145.24
43.2
34.53
64.67
45.38
42.96
153.1
102.69
45.78
95.9
170.48
72.54
154.31
131.3
68.97
87.89
138.6
46.01
13.76
127.27
124.35
125.47
27.57
161.18
16.11
102.6
99.13
35.4
125.22
48.53
10.47
25.69
5.56
79.1
44.93
120.06
162.77
71.13
16.31
5.21
28.42
79.8
125.91
17.46
21.2
165.19
164.6
134.68
150.14
112.89
103.74
47.9
98.24
8.92
140.83
129.69
100.32
19.97
111.91
128.54
14.98
103.97
131.37
167.79
127.31
134.36
71.72
169.8
72.65
64.52
31.68
113.45
125.97
18.17
142.6
123.79
98.58
156.38
43.76
162.33
8.99
30.37
116.21
111.67
139.1
70.64
165.69
147.31
102.21
159.43
108.23
159.53
122.93
118.93
93.6
118.15
143.41
161.6
72.43
166.53
43.19
57.1
144.3
43.64
106.1
99.87
42.72
79.18
131.05
82.39
33.17
132.57
37.92
117.69
165.01
153.45
26.61
17.92
126.13
143.97
28.37
63.49
50.99
124.4
173.87
147.28
78.38
152.71
158.79
25.26
140.71
57.78
121.97
25.96
23.92
110.76
79.13
147.35
86.49
169.82
126.27
123.98
64.32
72.71
88.3
107.3
46.99
170.19
84.22
67.08
142.3
18.92
132.11
34.45
3.6
33.78
141.84
11.05
40.69
10.17
149.12
145.31
106.13
157.19
166.12
107.85
153.0
49.37
24.64
126.68
55.54
74.62
49.83
51.0
86.1
52.14
174.14
144.95
9.75
48.58
174.88
92.59
96.86
129.78
104.78
7.84
172.95
90.42
51.76
73.25
98.85
167.7
109.19
18.51
116.24
120.9
105.91
173.92
108.13
25.41
112.64
51.55
87.36
24.72
127.16
9.02
141.08
44.73
30.41
104.59
158.86
20.18
81.13
22.25
58.67
12.75
90.45
129.2
77.84
70.8
139.75
38.03
173.62
39.21
113.27
89.18
37.06
78.59
80.28
94.48
69.57
151.46
82.07
138.49
31.85
100.8
79.26
93.49
23.17
160.68
54.12
76.02
119.1
167.6
161.49
153.88
24.9
163.2
163.99
175.24
72.8
53.67
125.32
15.34
108.63
50.72
157.07
107.1
83.82
68.02
92.89
71.94
105.63
107.73
36.35
113.09
25.04
119.22
24.3
168.65
90.26
128.92
118.18
93.68
27.74
128.03
98.39
42.81
125.79
74.6
28.93
121.25
35.72
74.94
59.04
122.07
97.39
29.32
30.55
91.92
30.85
91.79
71.69
158.69
113.94
126.69
55.69
87.41
68.07
150.56
165.18
127.1
100.67
33.49
58.49
27.96
169.24
36.55
30.83
158.82
141.26
65.46
61.59
11.07
41.92
152.76
19.51
62.44
144.66
138.89
39.41
128.98
118.21
23.69
13.88
155.0
70.14
105.45
84.16
176.83
102.46
151.04
162.55
68.29
98.74
162.01
170.3
0.99
43.54
17.9
26.31
145.75
130.69
121.55
102.28
41.33
49.06
145.95
85.86
144.53
96.24
12.84
35.83
54.48
25.9
35.81
56.07
169.62
169.43
64.24
142.57
93.46
28.95
120.73
45.06
139.07
80.9
141.55
57.61
107.27
162.07
158.16
87.2
27.88
110.98
60.4
117.25
132.3
86.3
127.69
90.06
126.25
17.4
143.32
170.6
15.55
142.25
21.14
115.11
86.62
113.72
22.96
140.43
22.13
39.39
52.88
159.59
86.38
169.79
35.42
81.23
104.16
55.99
43.64
22.85
164.23
101.29
165.23
90.93
100.34
79.47
99.0
34.23
9.8
96.29
160.14
19.52
54.64
29.14
138.45
107.14
121.92
158.18
50.88
126.96
105.26
21.83
143.87
67.54
113.09
135.63
100.47
35.03
52.18
77.8
39.28
76.92
123.39
166.61
92.92
82.07
95.87
132.02
81.65
143.61
30.44
27.12
37.21
80.66
77.79
170.26
88.64
151.2
153.32
160.61
80.76
160.97
155.49
90.69
93.67
139.75
75.26
18.0
90.79
63.18
151.45
116.96
75.19
147.32
79.47
31.28
168.39
21.85
118.92
51.3
143.8
157.25
15.4
153.68
76.72
139.14
84.7
145.26
59.95
171.33
85.2
104.5
170.77
55.12
28.33
126.42
150.45
56.01
84.85
155.74
161.72
25.46
50.84
30.19
81.61
112.48
75.73
43.39
151.75
39.77
121.8
144.59
37.66
91.43
84.56
111.03
80.75
136.34
4.68
126.9
150.19
168.19
76.44
31.76
60.66
170.58
165.77
157.16
56.29
103.17
16.67
98.41
136.21
43.49
45.59
77.92
87.36
138.46
118.82
13.99
131.9
22.87
157.47
17.95
60.95
41.61
67.8
79.94
10.17
105.65
69.02
128.23
135.76
170.94
169.84
28.71
37.67
144.02
112.1
158.1
113.14
76.91
128.5
27.12
15.34
70.43
75.4
30.1
58.98
137.92
2.04
98.35
99.16
44.66
55.55
62.32
41.61
163.94
33.76
70.37
29.86
77.65
171.68
45.19
