89.18
117.33
85.47
145.55
75.13
8.55
123.31
74.6
52.44
6.88
174.48
55.52
66.63
168.0
82.07
5.95
140.14
39.99
151.69
29.23
114.63
121.46
115.32
158.51
104.0
30.22
126.95
158.85
142.49
46.54
160.01
87.56
102.43
29.38
90.13
127.53
33.39
149.01
111.94
97.81
8.59
6.39
75.94
154.54
80.46
42.6
27.63
45.4
101.75
65.02
66.18
37.16
60.61
68.01
40.96
153.68
120.66
4.36
38.75
133.15
109.82
173.98
42.65
119.86
60.86
139.26
89.96
144.51
58.77
143.06
145.18
87.97
19.56
173.23
94.44
123.83
83.41
59.18
154.14
36.83
125.14
160.17
162.07
163.07
84.51
91.64
92.51
160.64
162.76
170.48
34.07
98.85
59.82
144.13
146.52
34.89
135.04
112.57
91.38
122.63
126.72
114.25
12.18
48.9
69.04
58.96
166.76
56.94
38.43
163.38
19.19
17.02
124.51
85.93
166.67
128.76
72.66
119.09
102.23
123.82
157.93
2.76
126.6
165.86
159.28
104.94
131.2
63.61
10.57
41.41
104.29
153.76
82.24
160.52
127.64
29.47
77.97
12.01
135.84
93.17
162.92
70.19
36.5
83.4
143.34
123.7
68.1
135.91
133.06
170.18
95.48
17.83
149.1
47.53
9.75
137.11
102.82
72.1
92.19
140.35
62.74
168.55
35.36
107.9
82.69
61.83
119.95
101.83
31.17
24.61
122.93
76.25
43.9
33.19
67.62
61.13
130.41
90.01
163.62
143.5
136.64
146.0
157.12
88.34
52.99
91.12
75.37
122.79
23.46
110.45
12.75
36.96
139.55
83.49
46.67
107.45
78.5
73.0
98.1
71.76
47.21
152.03
77.48
37.59
122.5
51.46
138.2
39.67
60.72
27.37
123.41
58.07
105.17
21.49
75.29
83.15
144.99
72.57
80.99
29.28
126.28
108.73
72.97
57.42
12.68
106.68
164.93
156.8
117.45
13.51
149.88
166.45
89.5
158.59
92.24
133.08
128.35
28.02
73.81
138.39
117.15
22.82
44.72
63.59
8.17
13.82
130.14
75.88
141.54
135.15
17.86
89.33
170.32
169.95
18.48
54.5
131.28
44.18
50.54
112.89
44.05
112.1
46.36
89.16
116.6
29.48
170.79
44.28
113.92
169.02
168.94
51.39
12.98
109.38
52.63
78.58
149.04
149.98
170.56
93.26
41.91
50.33
16.98
151.28
108.34
89.96
165.89
164.55
126.23
19.79
54.12
47.77
32.93
131.4
144.75
55.49
31.26
131.04
74.79
166.06
93.68
85.95
8.12
153.64
41.72
160.84
114.49
163.52
128.28
34.38
53.16
126.25
114.15
59.0
120.68
45.4
160.16
44.44
114.96
25.85
38.62
143.93
119.57
125.67
78.58
175.06
95.2
144.74
63.48
107.64
172.17
133.76
169.96
26.36
111.65
93.6
149.73
46.71
46.8
146.66
52.32
169.75
27.67
8.16
73.37
8.84
70.44
94.44
167.84
165.74
40.66
80.88
18.47
37.11
96.58
8.26
87.7
14.14
148.8
158.76
94.72
129.97
90.6
36.16
19.4
76.74
19.49
172.23
50.3
71.06
60.35
36.94
137.12
68.78
148.63
124.56
43.85
15.93
81.54
35.89
98.54
63.38
80.46
153.76
124.96
93.09
164.78
96.51
61.11
21.73
30.7
165.98
146.99
146.7
164.49
164.39
94.27
33.31
164.98
107.65
23.09
84.33
106.55
65.38
85.75
155.91
11.66
114.21
18.19
31.72
10.28
47.61
29.82
100.89
31.69
167.89
154.84
169.41
80.65
139.57
101.36
124.84
46.67
57.99
35.34
12.9
123.01
57.33
128.13
155.01
134.67
4.16
23.24
78.39
110.09
17.27
171.49
89.76
10.09
18.04
114.26
46.39
139.2
28.76
6.35
138.71
80.51
80.21
140.03
51.39
8.17
65.92
83.1
14.56
161.98
153.98
35.85
37.3
39.73
28.94
93.7
75.28
33.48
22.33
27.23
11.96
57.04
77.97
120.13
171.66
57.83
78.03
106.27
139.6
46.99
32.18
88.26
138.4
160.5
18.25
126.15
8.9
9.33
44.11
86.26
110.11
97.2
53.34
173.82
93.52
166.24
132.96
10.04
112.69
92.67
67.6
54.86
104.97
68.44
134.43
26.75
161.48
65.72
148.75
101.48
149.52
71.41
131.13
109.25
65.1
74.03
10.56
148.82
171.52
12.81
30.07
60.74
60.07
157.54
171.11
74.6
92.93
71.75
136.76
36.67
95.44
131.76
25.33
91.78
160.55
116.55
41.65
48.62
52.29
53.28
18.75
46.86
49.41
31.25
164.94
122.55
20.42
114.81
6.38
119.96
122.74
76.81
148.45
28.81
88.57
28.03
16.7
134.03
59.64
141.7
92.96
177.44
173.16
80.07
83.92
133.71
147.38
46.72
44.61
11.14
153.58
112.75
25.98
98.13
72.38
128.67
116.14
169.75
84.28
121.84
103.7
156.92
120.76
38.64
64.54
52.37
35.09
49.18
50.06
171.7
35.52
83.14
9.97
12.0
13.48
101.43
156.21
91.73
158.98
99.17
65.32
76.67
163.99
46.17
159.67
117.64
169.72
97.7
46.48
9.3
125.26
102.17
22.87
93.39
142.16
58.09
150.0
47.07
116.82
69.07
120.61
48.88
115.69
103.34
71.37
105.56
79.03
32.03
160.2
131.0
139.58
72.49
1.25
128.95
159.53
62.04
30.17
97.5
130.78
23.77
25.53
104.27
97.95
173.26
93.31
121.72
122.19
70.01
157.26
33.22
132.61
38.4
51.82
60.04
29.22
148.2
123.63
96.85
59.47
48.76
130.54
154.91
87.42
74.94
144.72
94.61
97.76
44.18
81.93
169.8
26.26
7.28
48.72
117.12
152.35
139.88
132.87
140.41
29.54
150.48
157.38
80.06
152.53
20.75
134.6
168.58
29.7
139.57
152.64
8.53
139.31
31.3
62.69
81.15
162.3
136.5
99.82
67.2
62.7
132.27
77.34
124.49
95.14
41.97
47.16
113.95
159.07
65.88
169.59
138.79
86.56
16.97
162.76
77.88
21.03
4.54
95.62
56.14
133.6
101.81
59.28
20.58
5.31
75.53
30.52
54.51
54.66
161.11
16.49
121.31
87.19
135.39
117.66
40.86
128.09
28.51
117.05
7.84
96.04
40.04
119.3
9.45
124.31
25.1
35.53
139.46
167.58
20.33
126.57
133.87
138.42
131.55
52.97
119.76
24.5
126.45
57.36
168.24
72.0
160.81
78.44
100.23
137.82
52.72
119.81
21.66
81.42
57.65
132.52
73.09
151.32
90.94
112.42
148.65
126.04
168.55
93.76
155.35
117.54
11.03
117.61
33.33
61.89
90.81
111.8
10.48
85.44
27.38
49.77
171.25
14.73
148.68
51.38
90.57
32.44
75.22
151.36
14.0
113.69
106.33
92.77
164.58
67.46
85.49
172.39
39.64
76.53
103.03
136.39
38.12
88.82
61.19
11.81
9.32
76.39
116.79
150.38
21.0
81.09
77.52
65.0
136.93
129.49
55.79
81.86
155.66
43.33
159.59
119.76
134.14
169.39
80.43
111.09
108.82
98.4
9.36
142.94
173.73
50.43
91.52
81.18
126.55
70.88
8.73
139.63
110.63
19.99
107.67
73.5
166.96
45.05
49.63
154.94
100.01
47.42
149.8
100.84
125.02
106.51
82.35
48.71
104.03
42.99
82.72
104.59
142.01
93.51
151.32
78.22
57.42
134.42
27.98
83.32
13.97
42.53
42.83
102.95
9.68
122.25
116.86
39.73
160.91
30.48
56.81
100.85
45.41
146.37
98.88
41.18
95.94
38.67
130.85
127.6
74.4
162.78
27.51
113.36
26.46
106.92
108.72
150.61
101.18
103.22
26.74
37.97
44.11
171.5
84.83
150.61
20.22
113.84
81.95
133.73
112.88
64.97
34.0
126.48
16.74
66.43
89.52
67.61
137.93
129.69
115.04
113.51
164.21
48.06
82.63
91.54
82.8
150.82
106.37
127.48
16.68
114.15
130.28
159.01
33.13
54.95
7.49
173.67
34.92
46.03
42.55
30.28
160.37
70.55
103.52
134.95
118.92
133.35
37.81
5.09
33.89
117.45
13.69
121.34
71.53
144.07
160.67
22.88
13.25
38.67
109.62
163.12
57.6
172.37
64.96
151.26
50.18
40.8
59.29
74.41
84.2
159.32
75.17
159.66
37.89
126.01
136.82
165.56
47.07
45.08
102.44
153.54
58.83
11.56
171.87
151.01
117.52
93.03
150.65
15.95
115.35
89.58
129.87
48.11
118.94
41.9
74.05
37.53
103.5
113.62
143.16
60.23
