137.39
65.03
5.56
38.88
121.89
116.4
82.36
109.49
16.85
77.94
169.66
172.31
93.71
89.99
137.0
173.37
157.07
135.2
110.12
141.73
90.29
172.77
3.2
152.0
95.4
69.66
129.83
71.77
107.16
95.38
57.8
33.77
172.4
152.62
80.25
161.63
153.92
22.55
83.28
151.91
158.2
148.18
47.6
10.21
76.81
41.57
10.56
33.28
5.89
130.39
34.85
60.75
144.5
172.11
156.37
148.67
168.97
99.19
29.04
31.08
9.65
146.7
105.53
140.88
58.77
165.21
20.21
122.11
141.3
49.44
130.66
97.98
85.18
142.94
102.14
157.83
114.16
137.66
21.77
125.19
159.08
162.61
78.21
75.06
5.35
154.55
158.79
56.87
65.75
78.96
143.92
166.33
13.52
62.16
174.8
161.26
78.65
14.81
16.44
139.42
61.97
53.36
173.69
62.29
74.78
111.54
122.1
157.16
122.66
65.79
75.77
92.27
87.89
123.07
59.63
55.41
139.63
63.61
120.01
23.96
141.48
169.9
73.69
60.26
141.5
128.24
107.48
118.25
155.23
21.99
107.6
150.98
106.43
120.48
141.33
165.25
96.59
20.69
69.27
90.09
76.63
55.19
161.01
127.33
69.26
15.79
32.64
28.12
80.02
167.32
83.3
10.14
150.73
128.78
145.0
153.41
155.48
177.94
111.7
34.0
169.69
96.59
137.08
64.75
60.3
67.32
162.22
13.2
97.37
168.6
45.55
104.58
41.26
70.28
93.46
84.03
89.8
72.29
167.23
176.02
66.56
165.26
129.29
129.8
101.85
116.96
76.19
35.53
72.29
114.45
153.7
18.59
94.96
87.31
42.93
98.87
97.29
62.72
133.18
38.76
24.15
41.52
67.43
48.64
53.39
22.28
165.07
76.42
68.07
27.42
108.21
67.14
90.29
66.86
82.44
92.79
61.43
148.32
120.55
84.13
48.61
167.72
90.09
12.53
24.87
13.05
77.66
176.63
94.87
123.25
11.5
89.49
51.01
104.48
7.65
162.17
126.65
11.02
172.81
110.14
150.2
13.89
25.35
67.25
100.42
174.08
151.77
18.91
106.83
54.61
99.79
48.33
22.94
164.52
113.52
76.04
22.07
59.0
125.2
60.55
38.47
55.2
56.87
128.45
10.69
158.41
117.29
170.92
112.7
37.76
59.38
154.51
59.47
172.31
67.49
52.87
17.08
158.04
98.72
129.47
39.76
62.55
62.3
132.36
141.94
53.56
61.49
82.93
132.34
73.27
44.98
26.05
103.69
36.45
74.63
158.08
164.8
108.1
16.18
64.19
79.55
160.2
169.94
84.75
96.7
120.34
96.97
98.45
36.14
71.01
30.23
128.42
25.86
75.03
151.43
42.13
171.63
137.79
29.15
109.94
122.97
44.56
33.71
157.1
58.06
80.48
63.69
51.21
111.56
172.95
79.45
12.38
59.77
166.66
35.64
172.42
29.36
37.64
108.38
75.96
57.49
147.35
148.81
14.03
141.57
52.74
69.77
155.39
158.81
125.91
81.86
160.67
127.13
8.74
45.47
22.08
162.05
128.81
36.05
116.22
18.62
26.99
150.86
4.12
19.74
28.44
38.29
132.63
49.33
164.86
118.4
31.32
73.75
69.89
163.37
95.5
166.41
5.83
152.79
6.27
93.0
18.9
51.67
4.62
23.55
128.86
96.47
32.99
121.64
55.49
99.22
24.78
156.07
76.9
52.41
16.67
13.28
113.69
4.58
16.79
88.69
134.65
84.1
56.56
16.64
109.87
78.8
170.52
65.28
129.28
57.2
149.51
37.9
149.26
61.28
77.16
30.69
90.24
43.17
35.41
67.03
105.62
71.75
143.5
25.95
52.8
149.49
38.29
86.42
100.86
74.43
24.07
96.06
158.32
113.06
84.09
111.07
94.28
112.17
113.19
120.28
132.57
54.08
48.22
3.99
7.85
170.73
161.25
156.98
37.46
35.14
46.0
141.35
173.58
26.73
29.31
112.73
56.34
171.58
123.93
80.41
83.1
137.2
89.93
98.85
50.11
52.46
77.13
128.64
124.82
148.85
153.36
116.88
133.97
84.06
6.54
94.77
110.59
102.49
31.63
83.4
112.73
16.52
95.92
69.03
149.37
85.14
72.17
35.33
67.28
127.72
91.23
106.44
104.76
160.44
124.14
83.11
51.85
35.82
156.16
31.1
18.55
94.12
65.66
155.32
156.36
9.51
90.29
9.93
65.25
90.83
77.15
117.33
178.7
36.63
148.38
174.81
99.3
128.03
12.84
47.07
25.93
159.14
79.65
169.93
163.96
172.42
29.09
117.3
89.19
53.26
48.25
88.94
19.63
117.34
91.19
106.45
20.29
45.6
165.94
103.3
145.14
159.14
172.62
168.39
169.27
32.47
93.34
155.13
146.44
63.49
106.34
166.26
142.07
39.8
8.68
134.09
37.12
83.51
65.31
49.93
113.14
130.26
124.12
12.3
152.07
169.06
147.23
12.87
152.54
161.05
75.83
107.54
80.66
59.88
64.3
168.5
75.78
14.94
64.32
120.98
158.47
41.09
70.32
126.97
136.59
18.95
6.86
46.92
53.07
43.75
14.99
137.24
113.8
48.65
148.9
44.5
16.58
32.49
93.9
52.0
116.25
99.59
49.72
90.22
136.94
157.27
5.3
86.08
109.88
53.89
89.96
13.95
70.15
93.93
12.89
96.68
14.92
6.38
137.68
31.19
73.19
32.49
90.43
160.89
113.52
22.85
11.3
122.97
161.95
16.04
28.21
28.71
88.81
170.96
102.07
31.8
8.56
148.79
49.44
122.52
88.76
69.2
112.76
26.28
28.89
29.54
145.39
147.57
41.7
76.79
120.73
32.02
93.27
128.01
144.77
156.86
20.37
133.71
149.48
60.05
52.24
67.53
161.32
50.17
120.32
49.57
22.49
69.84
173.54
146.7
103.67
76.62
130.16
114.14
9.37
165.68
157.32
86.54
145.18
11.77
172.06
9.73
125.89
158.63
109.82
54.05
75.38
114.08
74.57
32.75
157.78
136.15
26.77
174.49
170.87
138.27
104.03
127.19
47.91
102.8
116.21
11.06
164.34
130.42
114.59
141.82
34.11
135.41
63.7
12.05
160.06
135.45
148.54
151.35
69.18
160.0
35.35
121.39
174.15
68.91
131.42
69.8
137.39
153.94
172.83
11.41
110.91
164.74
145.71
149.77
149.56
44.52
123.78
169.07
116.15
7.77
134.55
92.65
175.64
12.54
31.99
107.77
134.57
78.15
91.9
140.23
34.67
92.69
158.03
156.73
130.23
92.64
146.06
155.42
21.81
85.64
163.17
75.57
18.05
85.65
177.42
167.77
158.38
42.51
91.64
168.26
142.12
136.08
164.29
136.69
147.42
36.84
71.82
153.02
148.19
140.79
70.86
139.24
66.66
23.31
88.75
23.21
71.78
35.42
44.0
159.14
71.44
51.86
157.12
47.0
49.71
86.28
174.2
116.17
157.17
32.77
115.6
33.42
103.61
70.14
58.8
153.51
13.07
166.74
78.92
33.13
127.59
67.29
138.76
141.6
147.2
93.94
81.97
4.01
99.78
152.93
147.95
106.0
61.16
72.64
37.74
156.44
167.92
38.95
72.78
16.43
96.7
91.94
29.0
125.79
115.7
103.13
106.6
113.55
17.53
111.51
130.12
41.78
111.29
97.38
151.14
47.64
81.04
14.09
42.07
40.14
112.29
148.26
135.87
40.92
104.12
35.09
34.07
146.12
56.97
118.69
14.47
39.23
100.97
9.01
112.15
72.43
51.45
91.8
73.67
157.02
74.45
57.19
134.01
34.95
58.47
155.17
34.53
107.89
161.36
166.89
117.69
139.03
45.51
115.0
34.96
53.61
11.27
92.87
13.39
25.23
128.44
28.08
141.33
178.34
51.27
152.2
75.53
170.48
58.45
16.61
35.72
143.64
112.64
102.05
137.22
17.77
159.13
83.76
146.79
164.92
39.48
108.78
27.24
170.85
31.32
60.74
69.0
76.01
63.88
143.69
139.47
35.21
38.32
99.44
135.7
156.17
136.76
117.45
34.9
40.71
126.56
25.77
154.24
48.58
25.77
66.83
67.31
71.58
99.48
24.11
96.6
82.61
123.01
63.29
146.64
120.76
122.1
96.05
80.55
156.14
65.83
104.34
78.04
122.02
95.78
25.16
149.4
16.32
34.19
162.64
161.82
76.47
113.27
174.1
9.02
46.99
123.69
51.69
27.11
156.14
77.6
123.25
59.22
27.17
56.18
133.31
55.29
99.13
164.55
129.41
175.7
20.94
120.41
74.49
106.94
160.05
162.42
154.77
96.28
72.97
98.17
9.2
70.21
171.8
80.62
93.13
49.71
152.24
133.18
163.69
68.39
32.68
151.37
