47.85
26.77
143.09
148.43
111.58
45.97
96.68
118.76
17.74
11.43
49.01
64.25
40.43
57.4
59.7
46.63
38.33
163.37
89.67
89.21
174.93
26.45
168.51
40.28
129.66
74.3
53.6
79.31
28.53
153.56
86.81
85.66
147.42
101.37
24.38
81.86
151.73
68.11
136.01
11.0
155.53
120.42
109.3
91.23
142.81
148.24
129.66
115.92
57.88
63.61
112.83
149.76
39.7
73.39
168.7
58.21
168.93
174.9
163.07
145.57
106.97
74.53
123.57
79.79
152.87
102.13
35.82
161.5
24.07
71.2
51.89
89.75
28.05
65.99
125.96
171.31
108.38
22.11
39.89
48.03
17.12
53.52
126.06
10.88
96.31
70.43
54.57
32.02
24.53
62.69
138.42
108.45
9.99
143.43
74.81
67.31
42.85
115.08
102.69
15.62
159.8
43.26
61.86
129.68
93.23
135.73
13.44
111.31
115.18
18.46
141.54
27.59
28.11
112.48
40.07
76.27
144.63
84.66
33.26
144.87
40.49
98.48
169.58
39.67
95.3
128.85
79.95
174.33
80.32
65.97
80.43
47.91
106.92
49.87
172.1
116.87
132.14
23.95
66.51
119.09
66.13
86.57
26.41
38.28
9.9
177.33
125.14
21.98
88.67
90.64
21.29
11.13
137.89
103.29
153.84
39.82
81.05
171.06
149.44
166.37
135.78
142.05
19.48
160.94
18.7
126.1
164.12
129.45
93.5
108.87
73.43
12.38
145.25
118.78
6.37
24.35
74.64
37.56
121.81
118.19
2.08
77.31
37.85
89.6
114.93
60.22
161.66
161.4
91.55
70.72
97.98
73.54
90.42
43.42
115.71
117.39
165.16
64.56
96.71
103.28
89.62
113.24
29.62
57.85
157.56
115.7
88.94
96.41
62.33
27.6
51.28
24.17
124.08
113.51
71.46
31.32
18.79
96.34
95.89
149.89
2.96
65.74
6.57
34.14
101.02
157.7
40.53
169.68
40.3
73.06
132.18
99.52
43.96
115.94
92.88
8.74
145.35
155.34
115.79
155.36
61.35
118.29
167.45
154.82
18.63
118.33
143.68
134.47
77.02
63.03
48.3
28.01
26.23
145.04
99.49
166.98
124.47
6.3
161.06
156.51
74.91
62.05
132.51
89.04
35.09
149.94
10.91
51.5
36.46
83.97
13.16
53.04
150.23
151.22
122.6
136.01
148.76
9.41
119.89
94.6
83.13
87.15
50.1
168.51
80.6
88.15
43.45
164.5
151.6
37.23
45.71
108.34
127.68
103.95
141.12
125.01
49.03
138.21
136.2
140.3
14.02
64.6
8.14
125.82
163.85
172.02
25.49
32.95
45.55
156.6
114.63
151.13
111.19
26.19
138.08
143.33
105.07
120.03
27.34
39.05
58.15
103.33
97.64
94.38
32.75
123.99
82.33
125.3
138.05
66.72
85.51
132.66
56.5
57.46
87.21
158.2
85.11
26.29
70.85
85.39
135.76
38.81
58.7
8.15
118.34
153.89
46.1
61.75
49.05
12.22
114.33
8.89
11.41
169.87
169.91
23.11
54.99
136.94
168.6
134.2
161.07
51.62
48.8
156.23
26.5
27.68
140.97
127.79
163.76
112.07
115.89
82.94
8.36
21.94
79.72
74.69
8.67
23.51
71.37
53.16
152.57
48.2
100.85
110.52
163.35
8.63
58.11
16.63
144.24
90.65
168.82
19.99
59.32
76.22
47.52
18.44
77.21
64.65
108.87
55.42
12.75
101.28
95.61
124.8
82.75
139.76
6.89
91.57
131.91
169.57
40.64
130.36
60.0
150.37
135.18
90.35
95.67
58.97
67.16
96.89
83.8
109.03
89.99
43.57
138.71
52.83
154.57
158.45
139.48
105.71
118.85
112.06
169.0
144.88
168.12
45.31
12.5
112.4
168.17
36.36
29.51
153.55
170.09
58.16
64.23
77.42
19.66
56.51
143.51
168.96
98.93
121.88
138.01
116.1
97.68
80.79
71.12
53.84
74.31
152.58
58.31
156.83
137.69
91.33
77.88
162.91
68.34
124.65
97.6
145.64
36.05
132.07
20.68
110.21
166.14
47.04
92.47
111.53
135.69
169.93
70.14
91.71
153.45
43.22
12.15
17.51
3.83
39.73
60.36
30.36
59.99
64.38
95.53
71.46
98.69
116.19
36.82
121.27
32.19
82.61
153.93
56.39
139.96
112.12
27.17
149.12
49.11
73.8
32.45
150.86
83.75
142.9
135.89
24.91
135.38
156.86
171.33
38.86
94.02
143.86
41.92
174.12
56.89
92.14
53.77
35.34
150.94
55.02
39.58
12.33
148.43
93.23
80.3
152.37
7.13
7.81
165.02
113.57
54.7
49.81
52.38
81.01
26.61
109.41
175.12
173.85
78.85
68.85
92.89
169.66
74.69
64.1
34.02
106.1
87.31
32.53
93.64
175.13
83.33
94.63
137.02
66.0
35.58
152.83
121.31
158.88
120.76
98.57
11.35
158.95
72.62
137.96
30.82
33.66
101.8
135.48
35.03
107.74
33.23
120.23
39.6
142.11
115.32
135.71
154.87
121.61
14.81
80.94
168.78
78.23
79.06
12.45
144.27
66.13
15.41
33.45
50.9
92.74
159.32
140.17
122.99
24.28
118.73
12.58
167.13
10.89
37.64
74.02
44.11
45.38
119.45
83.93
23.21
176.52
119.43
17.6
95.35
166.31
117.36
77.11
143.35
163.91
109.82
116.7
33.85
148.19
38.17
170.9
166.32
138.66
73.22
25.97
9.09
150.88
44.49
128.41
98.98
29.48
165.19
163.07
15.28
137.53
124.78
130.48
68.49
67.16
5.94
81.84
30.73
35.04
163.6
105.73
45.29
15.69
74.54
162.55
110.93
9.62
25.02
115.12
152.77
19.27
39.98
138.52
76.59
41.91
83.86
65.15
52.06
5.96
44.57
135.26
95.82
30.16
138.14
149.66
114.35
127.35
12.14
78.62
19.58
81.47
141.76
150.63
109.59
76.26
60.66
3.74
9.73
88.49
169.66
40.05
125.93
66.14
63.16
74.1
132.04
11.76
83.16
158.6
178.77
27.45
87.98
58.76
145.71
43.07
129.74
56.3
134.16
145.3
68.05
127.19
155.29
13.52
12.45
106.54
14.41
32.53
88.28
105.54
38.17
66.71
107.26
133.56
162.28
31.04
116.04
175.83
154.05
33.07
141.28
21.43
150.6
91.75
16.16
28.48
144.69
75.72
5.79
131.42
99.36
137.07
160.32
134.53
80.9
78.25
42.49
86.76
66.11
130.43
128.25
163.76
84.15
169.08
148.9
71.04
33.13
90.93
86.07
21.67
46.42
22.58
159.63
114.47
84.97
42.59
16.95
8.71
84.32
108.48
126.92
170.63
109.45
156.23
135.82
16.15
69.01
110.63
8.62
143.78
148.14
84.72
173.88
116.13
23.48
111.48
8.81
123.58
168.45
94.74
115.94
137.56
40.09
71.27
168.2
93.6
110.65
116.91
47.05
56.07
145.38
75.03
79.63
175.26
76.44
150.48
98.12
48.66
79.32
169.48
169.41
41.72
88.07
88.54
82.81
91.78
128.51
16.79
135.76
118.5
10.15
36.27
68.22
101.76
73.13
119.9
166.45
7.13
125.11
75.74
128.11
70.3
150.24
103.26
143.51
98.04
28.14
153.78
10.67
97.08
143.38
96.94
8.2
151.85
25.53
67.72
160.12
151.72
97.02
39.63
177.08
52.81
86.04
115.52
126.87
45.92
115.95
10.92
164.87
172.89
76.28
59.33
9.66
154.42
101.69
59.99
75.15
32.63
114.81
106.49
77.43
30.7
100.24
37.97
117.03
144.22
84.07
90.14
107.36
136.05
144.74
25.88
27.88
64.84
138.25
36.3
68.91
44.76
20.91
79.69
136.57
51.86
30.94
73.06
128.82
75.35
8.5
163.41
18.98
38.58
64.88
17.63
119.99
71.61
112.68
40.84
175.31
33.59
120.3
4.6
154.06
84.71
154.7
137.41
47.83
34.96
127.77
100.31
99.63
143.4
52.47
65.94
131.63
36.08
84.79
151.63
86.23
148.88
41.04
154.29
19.22
92.72
143.25
91.61
28.03
116.81
95.79
127.35
162.04
13.04
147.89
30.43
65.81
89.04
131.6
93.33
102.43
111.21
118.35
12.93
28.72
114.31
33.37
133.49
79.55
161.43
89.04
117.99
24.59
75.91
48.15
34.08
30.27
134.62
50.61
63.38
18.38
129.38
169.39
160.67
155.62
47.94
171.19
137.27
56.87
12.92
132.85
88.39
147.67
153.63
170.3
18.55
52.8
12.97
18.01
8.28
50.34
87.93
68.43
88.15
176.34
83.6
68.44
42.92
35.13
124.12
77.26
70.23
78.57
116.83
