155.38
62.49
132.44
96.23
111.33
60.21
105.11
99.82
90.12
103.31
80.5
140.22
144.95
33.61
3.55
78.88
141.74
119.33
82.59
141.65
171.0
135.58
45.43
59.64
43.63
91.8
70.34
125.53
117.58
104.06
21.5
79.24
131.66
126.21
42.91
120.33
93.3
150.66
73.47
12.66
13.12
11.24
5.26
78.63
145.81
60.57
127.62
92.75
77.23
155.73
54.35
174.24
152.11
114.8
105.68
152.23
94.41
149.67
51.7
50.95
152.76
146.1
156.18
72.72
61.62
94.3
73.06
143.68
12.76
123.91
66.19
39.94
139.84
26.55
85.24
140.69
21.54
67.97
67.26
68.35
117.66
118.61
12.7
97.17
10.68
110.02
49.93
21.99
114.6
110.35
167.12
88.48
15.96
63.96
19.32
159.85
97.41
104.92
99.3
141.5
36.82
22.48
142.04
168.86
29.25
46.18
25.01
46.85
110.92
7.62
27.3
126.49
98.71
109.31
152.1
158.8
21.62
34.34
59.49
148.59
75.22
153.15
158.74
61.78
147.32
171.29
15.92
29.52
81.07
64.78
159.13
102.49
25.55
8.01
53.38
50.16
73.07
10.45
126.31
53.6
161.73
143.12
149.07
25.88
5.55
99.84
101.08
39.25
89.89
81.53
87.6
46.88
168.44
12.02
11.51
6.91
166.5
160.52
150.86
40.06
30.26
139.19
74.29
157.69
147.66
79.19
118.03
9.69
35.49
24.95
118.62
172.82
50.72
140.28
7.84
60.92
178.14
65.88
165.83
69.62
98.73
158.85
24.71
100.75
77.35
45.19
118.96
159.87
26.6
154.48
118.82
171.34
7.43
111.39
3.8
89.06
63.76
161.1
43.99
41.92
97.45
163.76
142.44
23.95
35.4
132.42
21.83
65.81
12.42
120.37
135.11
78.66
17.86
155.61
161.65
160.62
89.14
140.2
95.61
17.65
30.89
133.93
91.27
70.02
104.29
58.74
33.07
151.26
71.28
100.44
76.91
98.35
80.88
118.35
94.33
52.2
132.6
107.1
42.9
26.23
111.51
144.2
13.31
82.97
92.45
118.79
54.9
144.09
20.14
38.98
27.73
12.59
107.49
66.19
132.64
25.66
13.37
105.85
58.01
11.12
148.74
125.4
6.1
34.78
80.21
129.27
59.27
156.36
105.24
84.37
136.36
139.8
130.71
109.98
77.4
130.34
95.55
74.28
149.31
90.46
141.26
95.75
157.74
169.96
172.49
123.04
25.57
73.91
158.12
157.95
41.53
99.98
153.21
124.1
114.56
131.99
158.97
69.3
48.74
52.51
112.09
95.23
35.03
129.26
145.11
145.16
118.19
14.99
143.39
88.03
117.19
153.83
139.14
174.96
92.71
106.13
55.62
3.41
137.57
142.61
113.45
132.12
130.63
86.98
112.11
138.68
44.23
90.85
13.99
147.78
70.04
11.07
23.41
60.9
54.19
36.04
108.35
92.51
168.44
128.7
68.21
160.67
170.56
154.79
81.66
65.37
122.7
156.37
145.27
119.66
114.71
47.4
39.81
113.76
68.58
92.04
129.06
79.15
121.73
131.93
66.72
152.95
155.92
153.68
31.23
1.56
34.62
77.22
38.24
167.73
154.08
171.98
122.54
113.31
147.85
19.11
46.51
152.56
41.52
35.88
19.57
154.56
119.28
161.72
7.04
113.33
120.68
29.62
76.52
157.7
58.56
119.82
165.55
43.14
41.23
91.54
140.65
24.95
145.04
155.13
68.89
119.56
132.25
128.04
37.81
12.29
62.56
81.65
67.95
89.22
19.97
137.72
67.81
159.44
96.72
41.02
101.38
170.35
165.97
106.23
27.87
131.0
105.49
111.0
112.78
172.29
96.16
175.09
94.99
109.84
67.34
30.42
15.45
46.07
59.79
149.55
142.65
53.29
85.28
43.55
24.66
165.87
113.47
25.59
88.95
28.68
72.66
133.4
94.13
159.57
147.1
89.0
143.39
144.7
153.12
97.26
170.38
128.33
157.76
8.81
165.36
81.36
119.94
169.22
33.05
113.17
169.14
130.85
76.29
47.51
64.49
100.85
165.75
77.79
140.73
118.99
165.04
55.57
107.56
119.61
138.07
10.65
22.06
119.72
9.07
26.21
122.38
144.75
29.57
84.06
36.58
123.54
66.52
82.02
19.98
46.3
157.72
155.64
127.06
33.2
122.77
32.28
125.47
108.87
120.38
133.61
107.56
82.72
26.85
140.42
72.59
146.75
124.04
145.99
170.13
73.24
52.77
100.47
148.13
157.43
56.57
58.37
113.17
32.74
144.06
120.85
92.88
61.32
21.12
72.46
65.69
33.92
93.1
37.93
162.98
136.01
48.47
46.15
154.69
2.34
164.67
98.47
40.82
29.06
45.15
62.15
60.56
89.61
110.17
39.69
119.14
51.09
137.51
35.53
98.42
170.16
168.54
137.13
142.81
70.74
130.79
69.43
103.74
141.48
131.19
175.3
125.93
94.94
15.46
84.74
149.98
5.61
52.59
61.22
73.22
130.63
9.66
105.05
32.95
48.27
147.86
174.07
172.48
97.08
172.48
62.62
62.57
8.86
137.65
39.99
11.9
147.97
172.36
38.2
20.89
165.63
121.75
165.69
80.22
82.69
144.69
121.42
66.63
58.13
37.55
64.06
133.39
121.21
72.76
160.8
65.44
125.9
125.99
106.69
33.28
85.96
59.65
44.72
38.7
83.94
17.66
69.42
105.42
154.14
23.5
135.8
62.61
168.2
121.43
40.06
40.49
122.0
68.88
54.9
95.05
11.17
93.45
118.31
74.51
161.98
61.16
98.71
117.98
124.36
137.68
76.82
85.17
9.53
120.59
33.09
95.13
21.55
61.17
114.1
62.63
135.39
9.6
41.97
171.03
112.4
10.89
121.24
30.65
64.27
36.0
12.59
135.67
153.3
104.58
131.39
163.72
132.66
28.09
99.93
112.37
22.26
65.72
50.88
42.84
21.82
46.95
12.7
95.38
136.13
139.29
49.38
164.22
141.07
109.79
161.73
148.5
46.91
172.95
99.28
83.46
114.91
45.29
51.1
62.8
118.35
129.97
3.56
146.78
34.28
98.8
124.98
154.32
90.73
128.89
101.6
121.83
49.16
23.67
139.51
85.26
26.32
75.71
29.52
120.14
147.08
159.26
103.68
143.81
124.95
64.33
59.09
115.71
93.88
70.9
146.99
50.73
100.17
65.12
50.59
146.0
23.35
5.2
144.37
179.11
135.01
174.64
133.5
40.03
147.25
75.26
135.03
59.51
130.4
44.34
84.15
32.92
166.49
143.71
123.69
175.4
66.43
86.1
135.32
34.85
65.94
172.21
30.78
140.64
174.02
65.05
9.66
109.6
138.35
108.75
54.15
43.71
151.62
106.6
123.07
39.79
97.72
75.41
89.92
152.07
23.34
96.7
154.99
108.96
99.35
41.69
151.19
91.08
60.76
75.83
161.12
38.67
111.44
16.41
21.64
100.36
80.65
167.15
143.85
65.43
95.22
132.65
54.58
144.87
52.88
21.27
42.94
26.76
159.92
116.78
10.43
144.03
37.41
10.72
59.89
89.79
146.92
78.91
54.17
16.14
100.87
161.75
157.35
44.35
106.34
104.48
74.82
139.15
44.02
34.17
163.32
167.45
113.61
161.2
144.68
95.92
54.26
19.61
27.49
95.21
48.22
161.79
165.37
83.92
44.57
51.06
121.97
112.11
93.85
28.85
141.26
92.08
41.1
96.24
167.63
19.33
168.74
129.89
61.37
57.86
89.51
49.03
139.17
161.14
74.49
58.01
132.28
18.35
169.94
126.12
114.63
75.63
125.07
47.24
142.8
16.81
31.86
130.87
83.77
109.04
107.8
136.34
170.32
107.78
38.89
133.28
137.6
17.15
19.72
125.63
80.54
162.35
149.35
174.94
14.69
82.12
93.01
90.24
10.25
166.35
25.27
159.89
164.43
137.36
142.27
70.15
145.71
126.53
4.21
147.96
101.45
154.55
72.28
86.09
65.38
171.23
37.62
10.37
24.43
90.26
57.64
38.13
58.11
151.14
31.02
137.86
144.83
26.15
101.37
27.03
117.22
89.78
58.16
30.1
126.46
85.41
128.96
47.24
54.53
7.58
91.12
131.73
76.26
102.29
172.49
57.97
6.81
34.83
49.75
103.67
62.82
157.26
158.87
131.18
35.89
159.59
10.66
49.69
104.38
12.81
101.83
157.02
131.07
58.15
29.41
54.69
31.35
151.44
147.49
121.19
9.74
110.34
129.94
14.58
148.61
113.76
121.98
20.97
6.69
48.74
114.13
34.13
146.76
124.92
70.58
52.22
119.48
9.72
94.27
162.95
156.11
58.95
159.51
13.95
141.01
62.71
90.2
125.59
52.1
145.24
139.07
