80.93
127.91
11.29
70.21
119.75
20.56
109.63
45.15
156.54
100.48
76.69
130.53
25.55
94.85
24.42
167.33
153.59
109.25
108.7
74.05
47.33
87.05
94.87
95.94
175.73
46.13
69.37
116.92
95.29
113.76
112.01
120.49
161.61
71.3
2.86
114.6
152.15
160.37
52.56
87.02
83.76
87.38
23.54
36.67
134.24
146.76
0.75
16.6
139.62
76.12
123.5
121.32
63.33
36.85
104.15
27.26
50.24
32.17
104.59
93.79
9.46
38.08
7.55
37.02
141.79
49.32
137.0
86.02
168.21
43.96
25.05
80.8
77.97
170.15
103.49
144.64
135.66
121.97
53.55
142.31
9.6
151.54
25.45
128.01
140.77
175.01
158.39
68.87
57.21
146.88
157.24
132.42
64.55
155.64
73.03
138.47
100.29
140.38
155.12
89.09
93.73
41.88
147.95
150.74
154.83
165.47
147.07
46.65
38.58
171.82
51.03
91.5
16.61
87.57
139.56
92.7
137.95
117.77
160.7
65.42
137.11
123.63
58.39
127.6
54.15
172.59
127.66
159.42
64.45
83.14
72.4
27.9
72.61
146.6
157.43
39.03
134.12
143.26
148.51
11.97
10.06
66.93
63.52
58.44
161.69
137.26
97.16
150.12
150.93
53.83
141.01
111.93
64.16
59.96
86.6
75.16
137.93
90.4
85.48
71.66
148.34
159.61
34.22
111.96
70.81
134.22
119.74
156.76
83.73
87.28
141.84
73.16
21.3
44.64
25.77
148.03
27.9
143.51
82.0
94.39
109.81
75.13
20.09
146.86
117.02
93.37
14.13
82.9
178.32
4.69
54.98
107.01
94.14
117.8
110.55
10.54
38.23
174.67
18.8
54.71
127.9
159.56
107.57
51.06
98.18
35.11
76.69
85.53
169.9
117.22
66.85
70.82
14.3
15.71
169.26
69.75
160.97
140.16
148.3
48.97
67.34
62.37
172.67
78.52
41.5
133.54
123.79
10.71
142.1
19.88
113.75
45.28
128.67
143.92
15.66
17.6
165.13
55.04
134.27
15.37
94.71
30.67
39.24
114.24
100.51
158.4
169.72
139.51
162.68
24.65
76.17
95.16
163.62
14.6
44.44
61.31
22.37
161.41
94.91
43.29
21.0
23.89
64.85
158.92
111.6
73.15
118.49
171.85
69.07
85.37
122.85
8.66
31.34
13.27
160.64
28.88
81.01
83.56
122.62
93.11
161.94
52.61
6.95
15.91
118.17
115.75
113.58
158.39
122.76
74.03
156.82
141.82
101.77
47.41
152.74
171.43
77.62
152.13
173.71
39.86
91.67
124.4
81.43
73.01
40.67
73.82
8.36
60.92
111.53
139.39
85.47
80.1
75.44
45.22
143.6
85.98
38.39
8.91
107.93
139.99
167.99
21.21
147.85
140.93
133.32
178.54
136.11
8.4
23.9
148.87
93.09
105.48
82.6
164.02
145.47
59.81
9.67
25.22
82.52
173.38
54.85
88.23
9.62
129.63
42.39
147.92
15.06
177.73
133.9
120.4
101.38
152.13
92.38
76.35
13.12
19.63
16.53
22.76
156.92
10.25
146.57
9.32
171.16
136.36
13.26
49.74
79.91
170.9
36.94
52.31
72.3
8.87
175.18
62.72
47.46
168.76
76.08
108.88
33.93
106.71
129.47
174.47
59.95
111.03
143.02
157.33
83.05
46.23
168.45
49.53
106.98
109.35
146.94
32.49
12.77
41.36
59.3
118.19
176.85
99.49
71.21
56.24
78.46
62.57
84.92
144.82
128.28
57.06
31.89
64.32
77.29
149.13
42.65
138.08
26.07
22.45
12.09
164.99
150.72
54.29
175.06
103.08
24.83
83.6
157.73
43.78
173.98
65.87
109.96
175.84
168.48
87.98
12.88
108.01
65.99
37.44
48.22
123.04
38.17
84.95
74.57
159.0
11.93
70.52
67.15
24.31
93.97
18.81
63.44
108.36
60.54
57.46
152.07
35.66
123.92
37.1
63.45
127.65
38.34
129.98
24.57
56.17
167.68
85.35
149.41
51.29
16.34
11.96
142.65
18.35
140.85
163.07
117.94
111.88
62.52
35.03
48.96
29.69
148.11
156.62
155.43
46.88
103.37
165.23
50.38
137.67
111.26
121.6
26.19
165.59
154.53
93.94
73.34
115.97
169.27
162.14
33.53
159.79
41.44
10.61
149.63
130.89
124.58
139.24
166.15
106.2
105.51
19.19
145.27
154.48
137.93
11.72
115.11
153.17
101.8
136.6
31.29
19.16
12.68
97.15
169.23
160.76
108.44
52.97
20.13
166.12
65.91
31.62
71.76
132.89
32.64
43.53
140.11
87.52
177.35
166.65
130.89
79.55
29.49
133.33
124.13
80.66
118.17
72.62
56.69
68.05
23.88
95.48
109.29
52.26
12.81
39.82
8.46
63.23
72.84
17.37
109.43
112.59
37.9
53.27
173.11
16.61
110.0
100.56
89.47
51.15
13.35
44.73
49.43
32.07
11.17
120.89
151.59
142.45
144.27
84.83
90.9
121.97
71.6
106.79
73.52
146.1
136.63
25.45
65.75
128.51
115.93
61.93
40.14
161.32
144.44
143.28
86.28
148.72
86.21
81.3
103.68
114.3
125.31
48.37
145.48
21.12
9.63
85.1
56.66
12.31
51.22
54.66
35.03
158.09
125.39
120.04
10.03
152.05
35.31
163.7
102.12
13.3
55.22
41.99
28.74
35.92
87.14
132.32
161.34
136.7
50.47
137.89
85.82
53.64
84.85
110.93
54.62
108.19
157.53
11.51
43.31
82.8
160.92
29.7
34.05
4.25
118.91
70.98
130.29
104.67
143.95
32.94
63.89
167.94
135.38
160.4
44.78
62.22
64.62
106.68
166.15
159.08
85.29
171.97
11.7
104.65
38.67
148.82
62.0
30.83
133.29
132.43
104.27
86.9
124.97
18.25
102.77
168.6
70.69
120.64
36.21
10.14
153.25
32.39
44.01
46.51
151.15
155.64
166.86
107.51
65.55
41.3
32.75
137.7
162.47
154.67
8.44
44.21
112.91
133.37
60.32
144.73
112.82
10.23
145.51
61.03
87.44
55.28
159.88
35.81
62.69
157.84
76.76
172.7
54.54
135.61
139.36
173.58
55.46
101.96
84.41
97.25
101.32
164.91
68.36
72.51
35.27
86.22
139.02
170.97
147.51
108.8
139.39
120.34
50.83
163.58
124.33
120.35
19.55
112.76
20.61
109.21
119.47
23.07
130.48
75.71
151.04
107.87
92.49
136.25
46.54
127.75
162.78
139.1
81.97
34.84
78.68
22.68
114.47
132.27
109.82
145.74
26.43
146.74
64.96
52.5
66.88
40.68
157.99
147.7
38.05
118.71
96.67
165.72
167.44
42.13
98.26
97.82
156.66
13.22
94.84
39.36
19.35
171.47
64.91
115.67
52.72
13.93
74.09
21.5
125.26
55.12
83.89
63.69
102.91
172.58
7.31
26.12
72.48
167.4
32.15
74.94
104.03
130.34
172.76
127.15
27.26
50.02
41.38
165.63
72.85
127.54
12.79
176.29
143.48
99.93
110.2
21.91
47.33
42.83
59.29
15.42
30.5
106.24
105.14
81.64
100.05
6.47
31.29
75.12
9.41
65.58
113.13
155.93
69.69
136.7
172.92
24.24
144.99
11.66
137.62
114.81
104.69
66.79
86.91
111.62
87.26
30.64
65.09
56.68
20.13
16.23
113.41
30.74
87.32
123.3
120.33
47.27
63.02
86.71
60.62
43.23
46.13
72.71
15.21
89.19
126.06
92.62
57.32
143.85
86.79
129.45
171.45
152.6
82.65
90.51
76.53
161.76
78.13
53.63
7.39
53.32
88.39
107.44
39.85
10.67
45.07
142.45
149.73
70.41
50.91
157.06
10.65
115.35
105.79
112.77
28.83
47.97
54.41
15.9
37.52
146.42
140.75
99.83
150.95
35.95
40.32
105.26
10.74
56.41
38.52
147.45
162.55
119.89
89.73
149.98
109.11
9.53
23.91
79.69
41.37
114.36
141.93
99.13
106.52
77.05
59.22
149.81
150.19
82.49
97.36
102.23
31.21
60.1
20.69
117.82
160.84
18.79
131.9
43.58
142.82
11.18
63.31
136.78
121.85
115.7
11.05
36.14
134.88
72.36
133.8
80.14
55.23
151.95
5.55
79.11
93.09
115.03
67.08
127.65
51.03
103.41
78.14
61.41
135.56
169.31
12.74
156.76
161.88
100.15
163.51
111.61
89.66
64.91
32.38
96.58
132.79
120.25
173.97
127.7
13.69
111.55
142.7
41.16
91.45
52.95
58.86
66.1
74.19
80.41
60.54
98.36
133.25
101.77
162.45
142.62
166.31
76.71
97.64
15.71
12.96
55.06
146.04
10.94
